7,6109
7,1
4294967294,25
4294967294,1038
4294967294,27
4294967294,80
4294967294,203
4294967294,79
4294967294,18
4294967294,123
4294967294,122
4294967294,65
4294967294,12
4294501266,0
4294967294,469
4294967294,200
4294967294,81
4294967294,66
4294967294,11
7,6
7,37
7,4
0,5
4294967294,418
4294967294,42
4294967294,414
4294967294,50
4294967294,51
4294967294,49
4294967294,468
4294967294,1
6,1220
6,1219
6,1218
6,1217
6,1216
6,1215
6,1214
6,1213
6,1212
6,1211
6,1210
6,1209
6,1208
6,1207
6,1206
6,1205
6,1204
6,1203
6,1202
6,1201
6,1200
6,1199
6,1198
6,1197
6,1196
6,1195
6,1194
6,1193
6,1192
6,1191
6,1190
6,1189
6,1188
6,1187
6,1186
6,1185
6,1184
6,1183
6,1182
6,1181
6,1180
6,1179
6,1178
6,1177
6,1176
6,1175
6,1174
6,1173
6,1172
6,1171
6,1170
6,1169
6,1168
6,1167
6,1166
6,1165
6,1164
6,1163
6,1162
6,1161
6,1160
6,1159
6,1158
6,1157
6,1156
6,1155
6,1154
6,1153
6,1152
6,1151
6,1150
6,1149
6,1148
6,1147
6,1146
6,1145
6,1144
6,1143
6,1142
6,1141
6,1140
6,1139
6,1138
6,1137
6,1136
6,1135
6,1134
6,1133
6,1132
6,1131
6,1130
6,1129
6,1128
6,1127
6,1126
6,1125
6,1124
6,1123
6,1122
6,1121
6,1120
6,1119
6,1118
6,1117
6,1116
6,1115
6,1114
6,1113
6,1112
6,1111
6,1110
6,1109
6,1108
6,1107
6,1106
6,1105
6,1104
6,1103
6,1102
6,1101
6,1100
6,1099
6,1098
6,1097
6,1096
6,1095
6,1094
6,1093
6,1092
6,1091
6,1090
6,1089
6,1088
6,1087
6,1086
6,1085
6,1084
6,1083
6,1082
6,1081
6,1080
6,1079
6,1078
6,1077
6,1076
6,1075
6,1074
6,1073
6,1072
6,1071
6,1070
6,1069
6,1068
6,1067
6,1066
6,1065
6,1064
6,1063
6,1062
6,1061
6,1060
6,1059
6,1058
6,1057
6,1056
6,1055
6,1054
6,1053
6,1052
6,1051
6,1050
6,1049
6,1048
6,1047
6,1046
6,1045
6,1044
6,1043
6,1042
6,1041
6,1040
6,1039
6,1038
6,1037
6,1036
6,1035
6,1034
6,1033
6,1032
6,1031
6,1030
6,1029
6,1028
6,1027
6,1026
6,1025
6,1024
6,1023
6,1022
6,1021
6,1020
6,1019
6,1018
6,1017
6,1016
6,1015
6,1014
6,1013
6,1012
6,1011
6,1010
6,1009
6,1008
6,1007
6,1006
6,1005
6,1004
6,1003
6,1002
6,1001
6,1000
6,999
6,998
6,997
6,996
6,995
6,994
6,993
6,992
6,991
6,990
6,989
6,988
6,987
6,986
6,985
6,984
6,983
6,982
6,981
6,980
6,979
6,978
6,977
6,976
6,975
6,974
6,973
6,972
6,971
6,970
6,969
6,968
6,967
6,966
6,965
6,964
6,963
6,962
6,961
6,960
6,959
6,958
6,957
6,956
6,955
6,954
6,953
6,952
6,951
6,950
6,949
6,948
6,947
6,946
6,945
6,944
6,943
6,942
6,941
6,940
6,939
6,938
6,937
6,936
6,935
6,934
6,933
6,932
6,931
6,930
6,929
6,928
6,927
6,926
6,925
6,924
6,923
6,922
6,921
6,920
6,919
6,918
6,917
6,916
6,915
6,914
6,913
6,912
6,911
6,910
6,909
6,908
6,907
6,906
6,905
6,904
6,903
6,902
6,901
6,900
6,899
6,898
6,897
6,896
6,895
6,894
6,893
6,892
6,891
6,890
6,889
6,888
6,887
6,886
6,885
6,884
6,883
6,882
6,881
6,880
6,879
6,878
6,877
6,876
6,875
6,874
6,873
6,872
6,871
6,870
6,869
6,868
6,867
6,866
6,865
6,864
6,863
6,862
6,861
6,860
6,859
6,858
6,857
6,856
6,855
6,854
6,853
6,852
6,851
6,850
6,849
6,848
6,847
6,846
6,845
6,844
6,843
6,842
6,841
6,840
6,839
6,838
6,837
6,836
6,835
6,834
6,833
6,832
6,831
6,830
6,829
6,828
6,827
6,826
6,825
6,824
6,823
6,822
6,821
6,820
6,819
6,818
6,817
6,816
6,815
6,814
6,813
6,812
6,811
6,810
6,809
6,808
6,807
6,806
6,805
6,804
6,803
6,802
6,801
6,800
6,799
6,798
6,797
6,796
6,795
6,794
6,793
6,792
6,791
6,790
6,789
6,788
6,787
6,786
6,785
6,784
6,783
6,782
6,781
6,780
6,779
6,778
6,777
6,776
6,775
6,774
6,773
6,772
6,771
6,770
6,769
6,768
6,767
6,766
6,765
6,764
6,763
6,762
6,761
6,760
6,759
6,758
6,757
6,756
6,755
6,754
6,753
6,752
6,751
6,750
6,749
6,748
6,747
6,746
6,745
6,744
6,743
6,742
6,741
6,740
6,739
6,738
6,737
6,736
6,735
6,734
6,733
6,732
6,731
6,730
6,729
6,728
6,727
6,726
6,725
6,724
6,723
6,722
6,721
6,720
6,719
6,718
6,717
6,716
6,715
6,714
6,713
6,712
6,711
6,710
6,709
6,708
6,707
6,706
6,705
6,704
6,703
6,702
6,701
6,700
6,699
6,698
6,697
6,696
6,695
6,694
6,693
6,692
6,691
6,690
6,689
6,688
6,687
6,686
6,685
6,684
6,683
6,682
6,681
6,680
6,679
6,678
6,677
6,676
6,675
6,674
6,673
6,672
6,671
6,670
6,669
6,668
6,667
6,666
6,665
6,664
6,663
6,662
6,661
6,660
6,659
6,658
6,657
6,656
6,655
6,654
6,653
6,652
6,651
6,650
6,649
6,648
6,647
6,646
6,645
6,644
6,643
6,642
6,641
6,640
6,639
6,638
6,637
6,636
6,635
6,634
6,633
6,632
6,631
6,630
6,629
6,628
6,627
6,626
6,625
6,624
6,623
6,622
6,621
6,1
6,165
6,164
6,163
6,162
6,161
6,160
6,159
6,158
6,157
6,156
6,155
6,154
6,153
6,152
6,151
6,150
6,149
6,148
6,147
6,146
6,145
6,144
6,143
6,142
6,141
6,140
6,139
6,138
6,137
6,136
6,135
6,134
6,133
6,132
6,131
6,130
6,129
6,128
6,127
6,126
6,125
6,124
6,123
6,122
6,121
6,120
6,119
6,118
6,117
6,116
6,115
6,114
6,113
6,112
6,111
6,110
6,109
6,108
6,107
6,106
6,105
6,104
6,103
6,102
6,101
6,100
6,99
6,98
6,97
6,96
6,95
6,94
6,93
6,92
6,91
6,90
6,89
6,88
6,87
6,86
6,85
6,84
6,83
6,82
6,81
6,80
6,79
6,78
6,77
6,76
6,75
6,74
6,73
6,72
6,71
6,70
6,69
6,68
6,67
6,66
6,65
6,64
6,36
6,35
6,34
6,33
6,32
6,31
6,30
6,29
6,28
6,27
6,26
6,25
6,24
6,23
6,22
6,21
6,20
6,19
6,18
6,17
6,16
6,15
6,14
6,13
6,12
6,11
6,10
6,9
6,8
6,7
6,6
6,5
6,4
4294967294,21
7,6108
7,6107
7,6106
7,6105
7,6104
7,6103
7,6102
7,6101
7,6100
7,6099
7,6098
7,6097
7,6096
7,6095
7,6094
7,6093
7,6092
7,6091
7,6090
7,6089
7,6088
7,6087
7,6086
7,6085
7,6084
7,6083
7,6082
7,6081
7,6080
7,6079
7,6078
7,6077
7,6076
7,6075
7,6074
7,6073
7,6072
7,6071
7,6070
7,6069
7,6068
7,6067
7,6066
7,6065
7,6064
7,6063
7,6062
7,6061
7,6060
7,6059
7,6058
7,6057
7,6056
7,6055
7,6054
7,6053
7,6052
7,6051
7,6050
7,6049
7,6048
7,6047
7,6046
7,6045
7,6044
7,6043
7,6042
7,6041
7,6040
7,6039
7,6038
7,6037
7,6036
7,6035
7,6034
7,6033
7,6032
7,6031
7,6030
7,6029
7,6028
7,6027
7,6026
7,6025
7,6024
7,6023
7,6022
7,6021
7,6020
7,6019
7,6018
7,6017
7,6016
7,6015
7,6014
7,6013
7,6012
7,6011
7,6010
7,6009
7,6008
7,6007
7,6006
7,6005
7,6004
7,6003
7,6002
7,6001
7,6000
7,5999
7,5998
7,5997
7,5996
7,5995
7,5994
7,5993
7,5992
7,5991
7,5990
7,5989
7,5988
7,5987
7,5986
7,5985
7,5984
7,5983
7,5982
7,5981
7,5980
7,5979
7,5978
7,5977
7,5976
7,5975
7,5974
7,5973
7,5972
7,5971
7,5970
7,5969
7,5968
7,5967
7,5966
7,5965
7,5964
7,5963
7,5962
7,5961
7,5960
7,5959
7,5958
7,5957
7,5956
7,5955
7,5954
7,5953
7,5952
7,5951
7,5950
7,5949
7,5948
7,5947
7,5946
7,5945
7,5944
7,5943
7,5942
7,5941
7,5940
7,5939
7,5938
7,5937
7,5936
7,5935
7,5934
7,5933
7,5932
7,5931
7,5930
7,5929
7,5928
7,5927
7,5926
7,5925
7,5924
7,5923
7,5922
7,5921
7,5920
7,5919
7,5918
7,5917
7,5916
7,5915
7,5914
7,5913
7,5912
7,5911
7,5910
7,5909
7,5908
7,5907
7,5906
7,5905
7,5904
7,5903
7,5902
7,5901
7,5900
7,5899
7,5898
7,5897
7,5896
7,5895
7,5894
7,5893
7,5892
7,5891
7,5890
7,5889
7,5888
7,5887
7,5886
7,5885
7,5884
7,5883
7,5882
7,5881
7,5880
7,5879
7,5878
7,5877
7,5876
7,5875
7,5874
7,5873
7,5872
7,5871
7,5870
7,5869
7,5868
7,5867
7,5866
7,5865
7,5864
7,5863
7,5862
7,5861
7,5860
7,5859
7,5858
7,5857
7,5856
7,5855
7,5854
7,5853
7,5852
7,5851
7,5850
7,5849
7,5848
7,5847
7,5846
7,5845
7,5844
7,5843
7,5842
7,5841
7,5840
7,5839
7,5838
7,5837
7,5836
7,5835
7,5834
7,5833
7,5832
7,5831
7,5830
7,5829
7,5828
7,5827
7,5826
7,5825
7,5824
7,5823
7,5822
7,5821
7,5820
7,5819
7,5818
7,5817
7,5816
7,5815
7,5814
7,5813
7,5812
7,5811
7,5810
7,5809
7,5808
7,5807
7,5806
7,5805
7,5804
7,5803
7,5802
7,5801
7,5800
7,5799
7,5798
7,5797
7,5796
7,5795
7,5794
7,5793
7,5792
7,5791
7,5790
7,5789
7,5788
7,5787
7,5786
7,5785
7,5784
7,5783
7,5782
7,5781
7,5780
7,5779
7,5778
7,5777
7,5776
7,5775
7,5774
7,5773
7,5772
7,5771
7,5770
7,5769
7,5768
7,5767
7,5766
7,5765
7,5764
7,5763
7,5762
7,5761
7,5760
7,5759
7,5758
7,5757
7,5756
7,5755
7,5754
7,5753
7,5752
7,5751
7,5750
7,5749
7,5748
7,5747
7,5746
7,5745
7,5744
7,5743
7,5742
7,5741
7,5740
7,5739
7,5738
7,5737
7,5736
7,5735
7,5734
7,5733
7,5732
7,5731
7,5730
7,5729
7,5728
7,5727
7,5726
7,5725
7,5724
7,5723
7,5722
7,5721
7,5720
7,5719
7,5718
7,5717
7,5716
7,5715
7,5714
7,5713
7,5712
7,5711
7,5710
7,5709
7,5708
7,5707
7,5706
7,5705
7,5704
7,5703
7,5702
7,5701
7,5700
7,5699
7,5698
7,5697
7,5696
7,5695
7,5694
7,5693
7,5692
7,5691
7,5690
7,5689
7,5688
7,5687
7,5686
7,5685
7,5684
7,5683
7,5682
7,5681
7,5680
7,5679
7,5678
7,5677
7,5676
7,5675
7,5674
7,5673
7,5672
7,5671
7,5670
7,5669
7,5668
7,5667
7,5666
7,5665
7,5664
7,5663
7,5662
7,5661
7,5660
7,5659
7,5658
7,5657
7,5656
7,5655
7,5654
7,5653
7,5652
7,5651
7,5650
7,5649
7,5648
7,5647
7,5646
7,5645
7,5644
7,5643
7,5642
7,5641
7,5640
7,5639
7,5638
7,5637
7,5636
7,5635
7,5634
7,5633
7,5632
7,5631
7,5630
7,5629
7,5628
7,5627
7,5626
7,5625
7,5624
7,5623
7,5622
7,5621
7,5620
7,5619
7,5618
7,5617
7,5616
7,5615
7,5614
7,5613
7,5612
7,5611
7,5610
7,5609
7,5608
7,5607
7,5606
7,5605
7,5604
7,5603
7,5602
7,5601
7,5600
7,5599
7,5598
7,5597
7,5596
7,5595
7,5594
7,5593
7,5592
7,5591
7,5590
7,5589
7,5588
7,5587
7,5586
7,5585
7,5584
7,5583
7,5582
7,5581
7,5580
7,5579
7,5578
7,5577
7,5576
7,5575
7,5574
7,5573
7,5572
7,5571
7,5570
7,5569
7,5568
7,5567
7,5566
7,5565
7,5564
7,5563
7,5562
7,5561
7,5560
7,5559
7,5558
7,5557
7,5556
7,5555
7,5554
7,5553
7,5552
7,5551
7,5550
7,5549
7,5548
7,5547
7,5546
7,5545
7,5544
7,5543
7,5542
7,5541
7,5540
7,5539
7,5538
7,5537
7,5536
7,5535
7,5534
7,5533
7,5532
7,5531
7,5530
7,5529
7,5528
7,5527
7,5526
7,5525
7,5524
7,5523
7,5522
7,5521
7,5520
7,5519
7,5518
7,5517
7,5516
7,5515
7,5514
7,5513
7,5512
7,5511
7,5510
7,5509
7,5508
7,5507
7,5506
7,5505
7,5504
7,5503
7,5502
7,5501
7,5500
7,5499
7,5498
7,5497
7,5496
7,5495
7,5494
7,5493
7,5492
7,5491
7,5490
7,5489
7,5488
7,5487
7,5486
7,5485
7,5484
7,5483
7,5482
7,5481
7,5480
7,5479
7,5478
7,5477
7,5476
7,5475
7,5474
7,5473
7,5472
7,5471
7,5470
7,5469
7,5468
7,5467
7,5466
7,5465
7,5464
7,5463
7,5462
7,5461
7,5460
7,5459
7,5458
7,5457
7,5456
7,5455
7,5454
7,5453
7,5452
7,5451
7,5450
7,5449
7,5448
7,5447
7,5446
7,5445
7,5444
7,5443
7,5442
7,5441
7,5440
7,5439
7,5438
7,5437
7,5436
7,5435
7,5434
7,5433
7,5432
7,5431
7,5430
7,5429
7,5428
7,5427
7,5426
7,5425
7,5424
7,5423
7,5422
7,5421
7,5420
7,5419
7,5418
7,5417
7,5416
7,5415
7,5414
7,5413
7,5412
7,5411
7,5410
7,5409
7,5408
7,5407
7,5406
7,5405
7,5404
7,5403
7,5402
7,5401
7,5400
7,5399
7,5398
7,5397
7,5396
7,5395
7,5394
7,5393
7,5392
7,5391
7,5390
7,5389
7,5388
7,5387
7,5386
7,5385
7,5384
7,5383
7,5382
7,5381
7,5380
7,5379
7,5378
7,5377
7,5376
7,5375
7,5374
7,5373
7,5372
7,5371
7,5370
7,5369
7,5368
7,5367
7,5366
7,5365
7,5364
7,5363
7,5362
7,5361
7,5360
7,5359
7,5358
7,5357
7,5356
7,5355
7,5354
7,5353
7,5352
7,5351
7,5350
7,5349
7,5348
7,5347
7,5346
7,5345
7,5344
7,5343
7,5342
7,5341
7,5340
7,5339
7,5338
7,5337
7,5336
7,5335
7,5334
7,5333
7,5332
7,5331
7,5330
7,5329
7,5328
7,5327
7,5326
7,5325
7,5324
7,5323
7,5322
7,5321
7,5320
7,5319
7,5318
7,5317
7,5316
7,5315
7,5314
7,5313
7,5312
7,5311
7,5310
7,5309
7,5308
7,5307
7,5306
7,5305
7,5304
7,5303
7,5302
7,5301
7,5300
7,5299
7,5298
7,5297
7,5296
7,5295
7,5294
7,5293
7,5292
7,5291
7,5290
7,5289
7,5288
7,5287
7,5286
7,5285
7,5284
7,5283
7,5282
7,5281
7,5280
7,5279
7,5278
7,5277
7,5276
7,5275
7,5274
7,5273
7,5272
7,5271
7,5270
7,5269
7,5268
7,5267
7,5266
7,5265
7,5264
7,5263
7,5262
7,5261
7,5260
7,5259
7,5258
7,5257
7,5256
7,5255
7,5254
7,5253
7,5252
7,5251
7,5250
7,5249
7,5248
7,5247
7,5246
7,5245
7,5244
7,5243
7,5242
7,5241
7,5240
7,5239
7,5238
7,5237
7,5236
7,5235
7,5234
7,5233
7,5232
7,5231
7,5230
7,5229
7,5228
7,5227
7,5226
7,5225
7,5224
7,5223
7,5222
7,5221
7,5220
7,5219
7,5218
7,5217
7,5216
7,5215
7,5214
7,5213
7,5212
7,5211
7,5210
7,5209
7,5208
7,5207
7,5206
7,5205
7,5204
7,5203
7,5202
7,5201
7,5200
7,5199
7,5198
7,5197
7,5196
7,5195
7,5194
7,5193
7,5192
7,5191
7,5190
7,5189
7,5188
7,5187
7,5186
7,5185
7,5184
7,5183
7,5182
7,5181
7,5180
7,5179
7,5178
7,5177
7,5176
7,5175
7,5174
7,5173
7,5172
7,5171
7,5170
7,5169
7,5168
7,5167
7,5166
7,5165
7,5164
7,5163
7,5162
7,5161
7,5160
7,5159
7,5158
7,5157
7,5156
7,5155
7,5154
7,5153
7,5152
7,5151
7,5150
7,5149
7,5148
7,5147
7,5146
7,5145
7,5144
7,5143
7,5142
7,5141
7,5140
7,5139
7,5138
7,5137
7,5136
7,5135
7,5134
7,5133
7,5132
7,5131
7,5130
7,5129
7,5128
7,5127
7,5126
7,5125
7,5124
7,5123
7,5122
7,5121
7,5120
7,5119
7,5118
7,5117
7,5116
7,5115
7,5114
7,5113
7,5112
7,5111
7,5110
7,5109
7,5108
7,5107
7,5106
7,5105
7,5104
7,5103
7,5102
7,5101
7,5100
7,5099
7,5098
7,5097
7,5096
7,5095
7,5094
7,5093
7,5092
7,5091
7,5090
7,5089
7,5088
7,5087
7,5086
7,5085
7,5084
7,5083
7,5082
7,5081
7,5080
7,5079
7,5078
7,5077
7,5076
7,5075
7,5074
7,5073
7,5072
7,5071
7,5070
7,5069
7,5068
7,5067
7,5066
7,5065
7,5064
7,5063
7,5062
7,5061
7,5060
7,5059
7,5058
7,5057
7,5056
7,5055
7,5054
7,5053
7,5052
7,5051
7,5050
7,5049
7,5048
7,5047
7,5046
7,5045
7,5044
7,5043
7,5042
7,5041
7,5040
7,5039
7,5038
7,5037
7,5036
7,5035
7,5034
7,5033
7,5032
7,5031
7,5030
7,5029
7,5028
7,5027
7,5026
7,5025
7,5024
7,5023
7,5022
7,5021
7,5020
7,5019
7,5018
7,5017
7,5016
7,5015
7,5014
7,5013
7,5012
7,5011
7,5010
7,5009
7,5008
7,5007
7,5006
7,5005
7,5004
7,5003
7,5002
7,5001
7,5000
7,4999
7,4998
7,4997
7,4996
7,4995
7,4994
7,4993
7,4992
7,4991
7,4990
7,4989
7,4988
7,4987
7,4986
7,4985
7,4984
7,4983
7,4982
7,4981
7,4980
7,4979
7,4978
7,4977
7,4976
7,4975
7,4974
7,4973
7,4972
7,4971
7,4970
7,4969
7,4968
7,4967
7,4966
7,4965
7,4964
7,4963
7,4962
7,4961
7,4960
7,4959
7,4958
7,4957
7,4956
7,4955
7,4954
7,4953
7,4952
7,4951
7,4950
7,4949
7,4948
7,4947
7,4946
7,4945
7,4944
7,4943
7,4942
7,4941
